0 300 80 81 true
0 300 80 80 true
0 300 80 81 true
0 300 80 -1 true
0 300 80 80 true
0 300 80 81 true
0 300 80 69 true
0 300 80 76 true
0 300 80 81 true
0 300 80 69 true
0 300 80 74 true
0 300 80 73 true
0 300 80 74 true
0 300 80 76 true
0 300 80 73 true
0 300 80 71 true
0 300 80 -1 true
0 300 80 69 true
0 300 80 68 true
0 300 80 69 true
0 300 80 -1 true
0 300 80 64 true
0 300 80 69 true
0 300 80 71 true
0 300 80 73 true
0 300 80 -1 true
0 300 80 73 true
0 300 80 74 true
0 300 80 76 true
0 300 80 -1 true
0 300 80 69 true
0 300 80 74 true
0 300 80 73 true
0 300 80 71 true
0 300 80 -1 true
0 300 80 81 true
0 300 80 80 true
0 300 80 81 true
0 300 80 -1 true
0 300 80 80 true
0 300 80 81 true
0 300 80 69 true
0 300 80 76 true
0 300 80 81 true
0 300 80 69 true
0 300 80 74 true
0 300 80 73 true
0 300 80 74 true
0 300 80 76 true
0 300 80 73 true
0 300 80 71 true
0 300 80 -1 true
0 300 80 69 true
0 300 80 68 true
0 300 80 69 true
0 300 80 -1 true
0 300 80 64 true
0 300 80 69 true
0 300 80 71 true
0 300 80 73 true
0 300 80 -1 true
0 300 80 73 true
0 300 80 74 true
0 300 80 76 true
0 300 80 -1 true
0 300 80 69 true
0 300 80 74 true
0 300 80 73 true
0 300 80 71 true
0 300 80 -1 true
